image: map.pgm
resolution: 0.100000
origin: [-8.900000, -3.200000, 0.00]
negate: 0
occupied_thresh: 0.65
free_thresh: 0.196

